config,hop,module,simtime,delay
fail10_test46,3,Network.ospfRouter_5_5,20.1771344,0.1771344
fail10_test46,3,Network.ospfRouter_5_5,20.17714224,0.07714224
fail10_test46,3,Network.ospfRouter_5_5,20.25904928,0.05904928
fail10_test46,3,Network.ospfRouter_5_5,20.35904928,0.05904928
fail10_test46,3,Network.ospfRouter_5_5,20.45904928,0.05904928
fail10_test46,3,Network.ospfRouter_5_5,20.55904928,0.05904928
fail10_test46,3,Network.ospfRouter_5_5,20.65904928,0.05904928
fail10_test46,3,Network.ospfRouter_5_5,20.75904928,0.05904928
fail10_test46,3,Network.ospfRouter_5_5,20.85904928,0.05904928
fail10_test46,3,Network.ospfRouter_5_5,20.95904928,0.05904928
fail10_test46,3,Network.ospfRouter_5_5,21.05906384,0.05906384
fail10_test46,3,Network.ospfRouter_5_5,21.15904928,0.05904928
fail10_test46,3,Network.ospfRouter_5_5,21.25904928,0.05904928
fail10_test46,3,Network.ospfRouter_5_5,21.35904928,0.05904928
fail10_test46,3,Network.ospfRouter_5_5,21.45904928,0.05904928
fail10_test46,3,Network.ospfRouter_5_5,21.55904928,0.05904928
fail10_test46,3,Network.ospfRouter_5_5,21.65904928,0.05904928
fail10_test46,3,Network.ospfRouter_5_5,21.75904928,0.05904928
fail10_test46,3,Network.ospfRouter_5_5,21.85904928,0.05904928
fail10_test46,3,Network.ospfRouter_5_5,21.95904928,0.05904928
fail10_test46,3,Network.ospfRouter_5_5,22.05904928,0.05904928
fail10_test46,3,Network.ospfRouter_5_5,22.15904928,0.05904928
fail10_test46,3,Network.ospfRouter_5_5,22.25904928,0.05904928
fail10_test46,3,Network.ospfRouter_5_5,22.35904928,0.05904928
fail10_test46,3,Network.ospfRouter_5_5,22.45904928,0.05904928
fail10_test46,3,Network.ospfRouter_5_5,22.55904928,0.05904928
fail10_test46,3,Network.ospfRouter_5_5,22.65904928,0.05904928
fail10_test46,3,Network.ospfRouter_5_5,22.75904928,0.05904928
fail10_test46,3,Network.ospfRouter_5_5,22.85904928,0.05904928
fail10_test46,3,Network.ospfRouter_5_5,22.95904928,0.05904928
fail10_test46,3,Network.ospfRouter_5_5,23.05904928,0.05904928
fail10_test46,3,Network.ospfRouter_5_5,23.15904928,0.05904928
fail10_test46,3,Network.ospfRouter_5_5,23.25904928,0.05904928
fail10_test46,3,Network.ospfRouter_5_5,23.35904928,0.05904928
fail10_test46,3,Network.ospfRouter_5_5,23.45904928,0.05904928
fail10_test46,3,Network.ospfRouter_5_5,23.55904928,0.05904928
fail10_test46,3,Network.ospfRouter_5_5,23.65904928,0.05904928
fail10_test46,3,Network.ospfRouter_5_5,23.75904928,0.05904928
fail10_test46,3,Network.ospfRouter_5_5,23.85904928,0.05904928
fail10_test46,3,Network.ospfRouter_5_5,23.95904928,0.05904928
fail10_test46,3,Network.ospfRouter_5_5,24.05904928,0.05904928
fail10_test46,3,Network.ospfRouter_5_5,24.15904928,0.05904928
fail10_test46,3,Network.ospfRouter_5_5,24.25904928,0.05904928
fail10_test46,3,Network.ospfRouter_5_5,24.35904928,0.05904928
fail10_test46,3,Network.ospfRouter_5_5,24.45904928,0.05904928
fail10_test46,3,Network.ospfRouter_5_5,24.55904928,0.05904928
fail10_test46,3,Network.ospfRouter_5_5,24.65904928,0.05904928
fail10_test46,3,Network.ospfRouter_5_5,24.75904928,0.05904928
fail10_test46,3,Network.ospfRouter_5_5,24.85904928,0.05904928
fail10_test46,3,Network.ospfRouter_5_5,24.95904928,0.05904928
fail10_test46,3,Network.ospfRouter_5_5,25.12565036,0.12565036
fail10_test46,3,Network.ospfRouter_5_5,25.17229004,0.07229004
fail10_test46,3,Network.ospfRouter_5_5,25.27229004,0.07229004
fail10_test46,3,Network.ospfRouter_5_5,25.3881766,0.0881766
fail10_test46,3,Network.ospfRouter_5_5,25.47229004,0.07229004
fail10_test46,3,Network.ospfRouter_5_5,25.57229004,0.07229004
fail10_test46,3,Network.ospfRouter_5_5,25.67229004,0.07229004
fail10_test46,3,Network.ospfRouter_5_5,25.77229004,0.07229004
fail10_test46,3,Network.ospfRouter_5_5,25.87229004,0.07229004
fail10_test46,3,Network.ospfRouter_5_5,25.97229004,0.07229004
fail10_test46,3,Network.ospfRouter_5_5,26.0723062,0.0723062
fail10_test46,3,Network.ospfRouter_5_5,26.17229004,0.07229004
fail10_test46,3,Network.ospfRouter_5_5,26.27229004,0.07229004
fail10_test46,3,Network.ospfRouter_5_5,26.37229004,0.07229004
fail10_test46,3,Network.ospfRouter_5_5,26.47229004,0.07229004
fail10_test46,3,Network.ospfRouter_5_5,26.57229004,0.07229004
fail10_test46,3,Network.ospfRouter_5_5,26.67229004,0.07229004
fail10_test46,3,Network.ospfRouter_5_5,26.77229004,0.07229004
fail10_test46,3,Network.ospfRouter_5_5,26.87229004,0.07229004
fail10_test46,3,Network.ospfRouter_5_5,26.97229004,0.07229004
fail10_test46,3,Network.ospfRouter_5_5,27.0723078,0.0723078
fail10_test46,3,Network.ospfRouter_5_5,27.17229004,0.07229004
fail10_test46,3,Network.ospfRouter_5_5,27.27229004,0.07229004
fail10_test46,3,Network.ospfRouter_5_5,27.37229004,0.07229004
fail10_test46,3,Network.ospfRouter_5_5,27.47229004,0.07229004
fail10_test46,3,Network.ospfRouter_5_5,27.57229004,0.07229004
fail10_test46,3,Network.ospfRouter_5_5,27.67229004,0.07229004
fail10_test46,3,Network.ospfRouter_5_5,27.77229004,0.07229004
fail10_test46,3,Network.ospfRouter_5_5,27.87229004,0.07229004
fail10_test46,3,Network.ospfRouter_5_5,27.97229004,0.07229004
fail10_test46,3,Network.ospfRouter_5_5,28.0722982,0.0722982
fail10_test46,3,Network.ospfRouter_5_5,28.17229004,0.07229004
fail10_test46,3,Network.ospfRouter_5_5,28.27229004,0.07229004
fail10_test46,3,Network.ospfRouter_5_5,28.3881738,0.0881738
fail10_test46,3,Network.ospfRouter_5_5,28.46699228,0.06699228
fail10_test46,3,Network.ospfRouter_5_5,28.56699228,0.06699228
fail10_test46,3,Network.ospfRouter_5_5,28.66699228,0.06699228
fail10_test46,3,Network.ospfRouter_5_5,28.76699228,0.06699228
fail10_test46,3,Network.ospfRouter_5_5,28.86699228,0.06699228
fail10_test46,3,Network.ospfRouter_5_5,28.96699228,0.06699228
fail10_test46,3,Network.ospfRouter_5_5,29.13633828,0.13633828
fail10_test46,3,Network.ospfRouter_5_5,29.17938028,0.07938028
fail10_test46,3,Network.ospfRouter_5_5,29.28467804,0.08467804
fail10_test46,3,Network.ospfRouter_5_5,29.38467804,0.08467804
fail10_test46,3,Network.ospfRouter_5_5,29.6676334,0.2676334
fail10_test46,3,Network.ospfRouter_5_5,29.66764124,0.16764124
fail10_test46,3,Network.ospfRouter_5_5,29.7249178,0.1249178
fail10_test46,3,Network.ospfRouter_5_5,29.8249178,0.1249178
fail10_test46,3,Network.ospfRouter_5_5,29.9249178,0.1249178
fail10_test46,3,Network.ospfRouter_5_5,30.0249178,0.1249178
fail10_test46,3,Network.ospfRouter_5_5,30.12493556,0.12493556
fail10_test46,3,Network.ospfRouter_5_5,30.27866484,0.17866484
fail10_test46,3,Network.ospfRouter_5_5,30.3249178,0.1249178
fail10_test46,3,Network.ospfRouter_5_5,30.4249178,0.1249178
fail10_test46,3,Network.ospfRouter_5_5,30.5249178,0.1249178
fail10_test46,3,Network.ospfRouter_5_5,30.79425084,0.19425084
fail10_test46,3,Network.ospfRouter_5_5,31.00643256,0.30643256
fail10_test46,3,Network.ospfRouter_5_5,31.0064404,0.2064404
fail10_test46,3,Network.ospfRouter_5_5,31.01831792,0.11831792
fail10_test46,3,Network.ospfRouter_5_5,31.11831792,0.11831792
fail10_test46,3,Network.ospfRouter_5_5,31.21831792,0.11831792
fail10_test46,3,Network.ospfRouter_5_5,31.31831792,0.11831792
fail10_test46,3,Network.ospfRouter_5_5,31.41831792,0.11831792
fail10_test46,3,Network.ospfRouter_5_5,31.51831792,0.11831792
fail10_test46,3,Network.ospfRouter_5_5,31.61831792,0.11831792
fail10_test46,3,Network.ospfRouter_5_5,31.71831792,0.11831792
fail10_test46,3,Network.ospfRouter_5_5,31.81831792,0.11831792
fail10_test46,3,Network.ospfRouter_5_5,31.91831792,0.11831792
fail10_test46,3,Network.ospfRouter_5_5,32.02153744,0.12153744
fail10_test46,3,Network.ospfRouter_5_5,32.11327208,0.11327208
fail10_test46,3,Network.ospfRouter_5_5,32.21324792,0.11324792
fail10_test46,3,Network.ospfRouter_5_5,32.31324792,0.11324792
fail10_test46,3,Network.ospfRouter_5_5,32.41324792,0.11324792
fail10_test46,3,Network.ospfRouter_5_5,32.51324792,0.11324792
fail10_test46,3,Network.ospfRouter_5_5,32.61831792,0.11831792
fail10_test46,3,Network.ospfRouter_5_5,32.71831792,0.11831792
fail10_test46,3,Network.ospfRouter_5_5,32.81831792,0.11831792
fail10_test46,3,Network.ospfRouter_5_5,32.91831792,0.11831792
fail10_test46,3,Network.ospfRouter_5_5,33.01831792,0.11831792
fail10_test46,3,Network.ospfRouter_5_5,33.11834368,0.11834368
fail10_test46,3,Network.ospfRouter_5_5,33.21831792,0.11831792
fail10_test46,3,Network.ospfRouter_5_5,33.31831792,0.11831792
fail10_test46,3,Network.ospfRouter_5_5,33.41831792,0.11831792
fail10_test46,3,Network.ospfRouter_5_5,33.51831792,0.11831792
fail10_test46,3,Network.ospfRouter_5_5,33.61831792,0.11831792
fail10_test46,3,Network.ospfRouter_5_5,33.71831792,0.11831792
fail10_test46,3,Network.ospfRouter_5_5,33.81831792,0.11831792
fail10_test46,3,Network.ospfRouter_5_5,33.97557184,0.17557184
fail10_test46,3,Network.ospfRouter_5_5,34.0077848,0.1077848
fail10_test46,3,Network.ospfRouter_5_5,34.10780096,0.10780096
fail10_test46,3,Network.ospfRouter_5_5,34.2077848,0.1077848
fail10_test46,3,Network.ospfRouter_5_5,34.3077848,0.1077848
fail10_test46,3,Network.ospfRouter_5_5,34.4077848,0.1077848
fail10_test46,3,Network.ospfRouter_5_5,34.5077848,0.1077848
fail10_test46,3,Network.ospfRouter_5_5,34.6077848,0.1077848
fail10_test46,3,Network.ospfRouter_5_5,34.71324792,0.11324792
fail10_test46,3,Network.ospfRouter_5_5,34.81324792,0.11324792
fail10_test46,3,Network.ospfRouter_5_5,34.91324792,0.11324792
fail10_test46,3,Network.ospfRouter_5_5,35.01324792,0.11324792
fail10_test46,3,Network.ospfRouter_5_5,35.11326568,0.11326568
fail10_test46,3,Network.ospfRouter_5_5,35.21324792,0.11324792
fail10_test46,3,Network.ospfRouter_5_5,35.31324792,0.11324792
fail10_test46,3,Network.ospfRouter_5_5,35.41324792,0.11324792
fail10_test46,3,Network.ospfRouter_5_5,35.51324792,0.11324792
fail10_test46,3,Network.ospfRouter_5_5,35.61324792,0.11324792
fail10_test46,3,Network.ospfRouter_5_5,35.71324792,0.11324792
fail10_test46,3,Network.ospfRouter_5_5,35.81324792,0.11324792
fail10_test46,3,Network.ospfRouter_5_5,35.91324792,0.11324792
fail10_test46,3,Network.ospfRouter_5_5,36.01324792,0.11324792
fail10_test46,3,Network.ospfRouter_5_5,36.11326408,0.11326408
fail10_test46,3,Network.ospfRouter_5_5,36.21324792,0.11324792
fail10_test46,3,Network.ospfRouter_5_5,36.31324792,0.11324792
fail10_test46,3,Network.ospfRouter_5_5,36.41324792,0.11324792
fail10_test46,3,Network.ospfRouter_5_5,36.51324792,0.11324792
fail10_test46,3,Network.ospfRouter_5_5,36.64012144,0.14012144
fail10_test46,3,Network.ospfRouter_5_5,36.71324792,0.11324792
fail10_test46,3,Network.ospfRouter_5_5,36.81324792,0.11324792
fail10_test46,3,Network.ospfRouter_5_5,36.91324792,0.11324792
fail10_test46,3,Network.ospfRouter_5_5,37.01324792,0.11324792
fail10_test46,3,Network.ospfRouter_5_5,37.11324792,0.11324792
fail10_test46,3,Network.ospfRouter_5_5,37.21324792,0.11324792
fail10_test46,3,Network.ospfRouter_5_5,37.31324792,0.11324792
fail10_test46,3,Network.ospfRouter_5_5,37.41324792,0.11324792
fail10_test46,3,Network.ospfRouter_5_5,37.51324792,0.11324792
fail10_test46,3,Network.ospfRouter_5_5,37.61324792,0.11324792
fail10_test46,3,Network.ospfRouter_5_5,37.71324792,0.11324792
fail10_test46,3,Network.ospfRouter_5_5,37.81324792,0.11324792
fail10_test46,3,Network.ospfRouter_5_5,37.91324792,0.11324792
fail10_test46,3,Network.ospfRouter_5_5,38.01324792,0.11324792
fail10_test46,3,Network.ospfRouter_5_5,38.11325608,0.11325608
fail10_test46,3,Network.ospfRouter_5_5,38.21324792,0.11324792
fail10_test46,3,Network.ospfRouter_5_5,38.36744844,0.16744844
fail10_test46,3,Network.ospfRouter_5_5,38.42129092,0.12129092
fail10_test46,3,Network.ospfRouter_5_5,38.52129092,0.12129092
fail10_test46,3,Network.ospfRouter_5_5,38.62129092,0.12129092
fail10_test46,3,Network.ospfRouter_5_5,38.72129092,0.12129092
fail10_test46,3,Network.ospfRouter_5_5,38.78215604,0.08215604
fail10_test46,3,Network.ospfRouter_5_5,38.88215604,0.08215604
fail10_test46,3,Network.ospfRouter_5_5,38.98215604,0.08215604
fail10_test46,3,Network.ospfRouter_5_5,39.094565,0.094565
fail10_test46,3,Network.ospfRouter_5_5,39.18215604,0.08215604
fail10_test46,3,Network.ospfRouter_5_5,39.28215604,0.08215604
fail10_test46,3,Network.ospfRouter_5_5,39.38215604,0.08215604
fail10_test46,3,Network.ospfRouter_5_5,39.48215604,0.08215604
fail10_test46,3,Network.ospfRouter_5_5,39.58480128,0.08480128
fail10_test46,3,Network.ospfRouter_5_5,39.68480128,0.08480128
fail10_test46,3,Network.ospfRouter_5_5,39.78480128,0.08480128
fail10_test46,3,Network.ospfRouter_5_5,39.88480128,0.08480128
fail10_test46,3,Network.ospfRouter_5_5,39.98480128,0.08480128
fail10_test46,3,Network.ospfRouter_5_5,40.11129832,0.11129832
fail10_test46,3,Network.ospfRouter_5_5,40.18480128,0.08480128
fail10_test46,3,Network.ospfRouter_5_5,40.33854832,0.13854832
fail10_test46,3,Network.ospfRouter_5_5,40.38480128,0.08480128
fail10_test46,3,Network.ospfRouter_5_5,40.48480128,0.08480128
fail10_test46,3,Network.ospfRouter_5_5,40.58480128,0.08480128
fail10_test46,3,Network.ospfRouter_5_5,40.68480128,0.08480128
fail10_test46,3,Network.ospfRouter_5_5,40.78480128,0.08480128
fail10_test46,3,Network.ospfRouter_5_5,40.88480128,0.08480128
fail10_test46,3,Network.ospfRouter_5_5,40.98480128,0.08480128
fail10_test46,3,Network.ospfRouter_5_5,41.08480128,0.08480128
fail10_test46,3,Network.ospfRouter_5_5,41.18480128,0.08480128
fail10_test46,3,Network.ospfRouter_5_5,41.28480128,0.08480128
fail10_test46,3,Network.ospfRouter_5_5,41.38480128,0.08480128
fail10_test46,3,Network.ospfRouter_5_5,41.48480128,0.08480128
fail10_test46,3,Network.ospfRouter_5_5,41.58480128,0.08480128
fail10_test46,3,Network.ospfRouter_5_5,41.68480128,0.08480128
fail10_test46,3,Network.ospfRouter_5_5,41.78480128,0.08480128
fail10_test46,3,Network.ospfRouter_5_5,41.88480128,0.08480128
fail10_test46,3,Network.ospfRouter_5_5,41.98480128,0.08480128
fail10_test46,3,Network.ospfRouter_5_5,42.08481104,0.08481104
fail10_test46,3,Network.ospfRouter_5_5,42.18480128,0.08480128
fail10_test46,3,Network.ospfRouter_5_5,42.28480128,0.08480128
fail10_test46,3,Network.ospfRouter_5_5,42.38480128,0.08480128
fail10_test46,3,Network.ospfRouter_5_5,42.48480128,0.08480128
fail10_test46,3,Network.ospfRouter_5_5,42.58480128,0.08480128
fail10_test46,3,Network.ospfRouter_5_5,42.68480128,0.08480128
fail10_test46,3,Network.ospfRouter_5_5,42.78480128,0.08480128
fail10_test46,3,Network.ospfRouter_5_5,42.88480128,0.08480128
fail10_test46,3,Network.ospfRouter_5_5,42.98480128,0.08480128
fail10_test46,3,Network.ospfRouter_5_5,43.08480128,0.08480128
fail10_test46,3,Network.ospfRouter_5_5,43.18480128,0.08480128
fail10_test46,3,Network.ospfRouter_5_5,43.28480128,0.08480128
fail10_test46,3,Network.ospfRouter_5_5,43.4257148,0.1257148
fail10_test46,3,Network.ospfRouter_5_5,43.48480128,0.08480128
fail10_test46,3,Network.ospfRouter_5_5,43.58480128,0.08480128
fail10_test46,3,Network.ospfRouter_5_5,43.68480128,0.08480128
fail10_test46,3,Network.ospfRouter_5_5,43.78480128,0.08480128
fail10_test46,3,Network.ospfRouter_5_5,43.88480128,0.08480128
fail10_test46,3,Network.ospfRouter_5_5,44.0647276,0.1647276
fail10_test46,3,Network.ospfRouter_5_5,44.10248704,0.10248704
fail10_test46,3,Network.ospfRouter_5_5,44.20248704,0.10248704
fail10_test46,3,Network.ospfRouter_5_5,44.30248704,0.10248704
fail10_test46,3,Network.ospfRouter_5_5,44.40248704,0.10248704
fail10_test46,3,Network.ospfRouter_5_5,44.55943208,0.15943208
fail10_test46,3,Network.ospfRouter_5_5,44.60248704,0.10248704
fail10_test46,3,Network.ospfRouter_5_5,44.70248704,0.10248704
fail10_test46,3,Network.ospfRouter_5_5,44.80248704,0.10248704
fail10_test46,3,Network.ospfRouter_5_5,44.90248704,0.10248704
fail10_test46,3,Network.ospfRouter_5_5,45.00248704,0.10248704
fail10_test46,3,Network.ospfRouter_5_5,45.1025064,0.1025064
fail10_test46,3,Network.ospfRouter_5_5,45.20248704,0.10248704
fail10_test46,3,Network.ospfRouter_5_5,45.30248704,0.10248704
fail10_test46,3,Network.ospfRouter_5_5,45.40248704,0.10248704
fail10_test46,3,Network.ospfRouter_5_5,45.50248704,0.10248704
fail10_test46,3,Network.ospfRouter_5_5,45.60248704,0.10248704
fail10_test46,3,Network.ospfRouter_5_5,45.70248704,0.10248704
fail10_test46,3,Network.ospfRouter_5_5,45.80248704,0.10248704
fail10_test46,3,Network.ospfRouter_5_5,45.90248704,0.10248704
fail10_test46,3,Network.ospfRouter_5_5,46.00248704,0.10248704
fail10_test46,3,Network.ospfRouter_5_5,46.12937512,0.12937512
fail10_test46,3,Network.ospfRouter_5_5,46.20248704,0.10248704
fail10_test46,3,Network.ospfRouter_5_5,46.30248704,0.10248704
fail10_test46,3,Network.ospfRouter_5_5,46.40248704,0.10248704
fail10_test46,3,Network.ospfRouter_5_5,46.50248704,0.10248704
fail10_test46,3,Network.ospfRouter_5_5,46.60248704,0.10248704
fail10_test46,3,Network.ospfRouter_5_5,46.70248704,0.10248704
fail10_test46,3,Network.ospfRouter_5_5,46.80248704,0.10248704
fail10_test46,3,Network.ospfRouter_5_5,46.90248704,0.10248704
fail10_test46,3,Network.ospfRouter_5_5,47.00248704,0.10248704
fail10_test46,3,Network.ospfRouter_5_5,47.1025048,0.1025048
fail10_test46,3,Network.ospfRouter_5_5,47.20248704,0.10248704
fail10_test46,3,Network.ospfRouter_5_5,47.30248704,0.10248704
fail10_test46,3,Network.ospfRouter_5_5,47.40248704,0.10248704
fail10_test46,3,Network.ospfRouter_5_5,47.50248704,0.10248704
fail10_test46,3,Network.ospfRouter_5_5,47.62896408,0.12896408
fail10_test46,3,Network.ospfRouter_5_5,47.68924628,0.08924628
fail10_test46,3,Network.ospfRouter_5_5,47.78924628,0.08924628
fail10_test46,3,Network.ospfRouter_5_5,47.88924628,0.08924628
fail10_test46,3,Network.ospfRouter_5_5,47.98924628,0.08924628
fail10_test46,3,Network.ospfRouter_5_5,48.08925924,0.08925924
fail10_test46,3,Network.ospfRouter_5_5,48.18924628,0.08924628
fail10_test46,3,Network.ospfRouter_5_5,48.28924628,0.08924628
fail10_test46,3,Network.ospfRouter_5_5,48.38924628,0.08924628
fail10_test46,3,Network.ospfRouter_5_5,48.48924628,0.08924628
fail10_test46,3,Network.ospfRouter_5_5,48.58924628,0.08924628
fail10_test46,3,Network.ospfRouter_5_5,48.73465608,0.13465608
fail10_test46,3,Network.ospfRouter_5_5,48.78924628,0.08924628
fail10_test46,3,Network.ospfRouter_5_5,48.88924628,0.08924628
fail10_test46,3,Network.ospfRouter_5_5,48.98924628,0.08924628
fail10_test46,3,Network.ospfRouter_5_5,49.08926244,0.08926244
fail10_test46,3,Network.ospfRouter_5_5,49.18924628,0.08924628
fail10_test46,3,Network.ospfRouter_5_5,49.28924628,0.08924628
fail10_test46,3,Network.ospfRouter_5_5,49.38924628,0.08924628
fail10_test46,3,Network.ospfRouter_5_5,49.48924628,0.08924628
fail10_test46,3,Network.ospfRouter_5_5,49.58924628,0.08924628
fail10_test46,3,Network.ospfRouter_5_5,49.68924628,0.08924628
fail10_test46,3,Network.ospfRouter_5_5,49.78924628,0.08924628
fail10_test46,3,Network.ospfRouter_5_5,49.88924628,0.08924628
fail10_test46,3,Network.ospfRouter_5_5,49.98924628,0.08924628
fail10_test46,3,Network.ospfRouter_5_5,50.08925604,0.08925604
fail10_test46,3,Network.ospfRouter_5_5,50.18924628,0.08924628
fail10_test46,3,Network.ospfRouter_5_5,50.28924628,0.08924628
fail10_test46,3,Network.ospfRouter_5_5,50.4161198,0.1161198
fail10_test46,3,Network.ospfRouter_5_5,50.48924628,0.08924628
fail10_test46,3,Network.ospfRouter_5_5,50.58924628,0.08924628
fail10_test46,3,Network.ospfRouter_5_5,50.68924628,0.08924628
fail10_test46,3,Network.ospfRouter_5_5,50.78924628,0.08924628
fail10_test46,3,Network.ospfRouter_5_5,50.88924628,0.08924628
fail10_test46,3,Network.ospfRouter_5_5,50.98924628,0.08924628
fail10_test46,3,Network.ospfRouter_5_5,51.08925924,0.08925924
fail10_test46,3,Network.ospfRouter_5_5,51.2161198,0.1161198
fail10_test46,3,Network.ospfRouter_5_5,51.28924628,0.08924628
fail10_test46,3,Network.ospfRouter_5_5,51.38924628,0.08924628
fail10_test46,3,Network.ospfRouter_5_5,51.48924628,0.08924628
fail10_test46,3,Network.ospfRouter_5_5,51.58924628,0.08924628
fail10_test46,3,Network.ospfRouter_5_5,51.68924628,0.08924628
fail10_test46,3,Network.ospfRouter_5_5,51.78924628,0.08924628
fail10_test46,3,Network.ospfRouter_5_5,51.88924628,0.08924628
fail10_test46,3,Network.ospfRouter_5_5,51.98924628,0.08924628
fail10_test46,3,Network.ospfRouter_5_5,52.08926884,0.08926884
fail10_test46,3,Network.ospfRouter_5_5,52.17685828,0.07685828
fail10_test46,3,Network.ospfRouter_5_5,52.27685828,0.07685828
fail10_test46,3,Network.ospfRouter_5_5,52.37685828,0.07685828
fail10_test46,3,Network.ospfRouter_5_5,52.47685828,0.07685828
fail10_test46,3,Network.ospfRouter_5_5,52.57685828,0.07685828
fail10_test46,3,Network.ospfRouter_5_5,52.67685828,0.07685828
fail10_test46,3,Network.ospfRouter_5_5,52.77685828,0.07685828
fail10_test46,3,Network.ospfRouter_5_5,52.87685828,0.07685828
fail10_test46,3,Network.ospfRouter_5_5,52.97685828,0.07685828
fail10_test46,3,Network.ospfRouter_5_5,53.08925604,0.08925604
fail10_test46,3,Network.ospfRouter_5_5,53.17685828,0.07685828
fail10_test46,3,Network.ospfRouter_5_5,53.27685828,0.07685828
fail10_test46,3,Network.ospfRouter_5_5,53.37685828,0.07685828
fail10_test46,3,Network.ospfRouter_5_5,53.5177718,0.1177718
fail10_test46,3,Network.ospfRouter_5_5,53.57685828,0.07685828
fail10_test46,3,Network.ospfRouter_5_5,53.67685828,0.07685828
fail10_test46,3,Network.ospfRouter_5_5,53.77685828,0.07685828
fail10_test46,3,Network.ospfRouter_5_5,53.87685828,0.07685828
fail10_test46,3,Network.ospfRouter_5_5,53.97685828,0.07685828
fail10_test46,3,Network.ospfRouter_5_5,54.07687444,0.07687444
fail10_test46,3,Network.ospfRouter_5_5,54.17685828,0.07685828
fail10_test46,3,Network.ospfRouter_5_5,54.27685828,0.07685828
fail10_test46,3,Network.ospfRouter_5_5,54.37685828,0.07685828
fail10_test46,3,Network.ospfRouter_5_5,54.47685828,0.07685828
fail10_test46,3,Network.ospfRouter_5_5,54.57685828,0.07685828
fail10_test46,3,Network.ospfRouter_5_5,54.67685828,0.07685828
fail10_test46,3,Network.ospfRouter_5_5,54.77685828,0.07685828
fail10_test46,3,Network.ospfRouter_5_5,54.87685828,0.07685828
fail10_test46,3,Network.ospfRouter_5_5,54.97685828,0.07685828
fail10_test46,3,Network.ospfRouter_5_5,55.07687124,0.07687124
fail10_test46,3,Network.ospfRouter_5_5,55.17685828,0.07685828
fail10_test46,3,Network.ospfRouter_5_5,55.27685828,0.07685828
fail10_test46,3,Network.ospfRouter_5_5,55.37685828,0.07685828
fail10_test46,3,Network.ospfRouter_5_5,55.47685828,0.07685828
fail10_test46,3,Network.ospfRouter_5_5,55.57685828,0.07685828
fail10_test46,3,Network.ospfRouter_5_5,55.7037318,0.1037318
fail10_test46,3,Network.ospfRouter_5_5,55.77685828,0.07685828
fail10_test46,3,Network.ospfRouter_5_5,55.87685828,0.07685828
fail10_test46,3,Network.ospfRouter_5_5,55.97685828,0.07685828
fail10_test46,3,Network.ospfRouter_5_5,56.07687444,0.07687444
fail10_test46,3,Network.ospfRouter_5_5,56.2037318,0.1037318
fail10_test46,3,Network.ospfRouter_5_5,56.27685828,0.07685828
fail10_test46,3,Network.ospfRouter_5_5,56.37685828,0.07685828
fail10_test46,3,Network.ospfRouter_5_5,56.47685828,0.07685828
fail10_test46,3,Network.ospfRouter_5_5,56.57685828,0.07685828
fail10_test46,3,Network.ospfRouter_5_5,56.67685828,0.07685828
fail10_test46,3,Network.ospfRouter_5_5,56.77685828,0.07685828
fail10_test46,3,Network.ospfRouter_5_5,56.87685828,0.07685828
fail10_test46,3,Network.ospfRouter_5_5,56.97685828,0.07685828
fail10_test46,3,Network.ospfRouter_5_5,57.07687124,0.07687124
fail10_test46,3,Network.ospfRouter_5_5,57.17685828,0.07685828
fail10_test46,3,Network.ospfRouter_5_5,57.27685828,0.07685828
fail10_test46,3,Network.ospfRouter_5_5,57.37685828,0.07685828
fail10_test46,3,Network.ospfRouter_5_5,57.47685828,0.07685828
fail10_test46,3,Network.ospfRouter_5_5,57.57685828,0.07685828
fail10_test46,3,Network.ospfRouter_5_5,57.67685828,0.07685828
fail10_test46,3,Network.ospfRouter_5_5,57.77685828,0.07685828
fail10_test46,3,Network.ospfRouter_5_5,57.87685828,0.07685828
fail10_test46,3,Network.ospfRouter_5_5,57.97685828,0.07685828
fail10_test46,3,Network.ospfRouter_5_5,58.07686644,0.07686644
fail10_test46,3,Network.ospfRouter_5_5,58.17685828,0.07685828
fail10_test46,3,Network.ospfRouter_5_5,58.27685828,0.07685828
fail10_test46,3,Network.ospfRouter_5_5,58.37685828,0.07685828
fail10_test46,3,Network.ospfRouter_5_5,58.47685828,0.07685828
fail10_test46,3,Network.ospfRouter_5_5,58.57685828,0.07685828
fail10_test46,3,Network.ospfRouter_5_5,58.67685828,0.07685828
fail10_test46,3,Network.ospfRouter_5_5,58.7821538,0.0821538
fail10_test46,3,Network.ospfRouter_5_5,58.87685828,0.07685828
fail10_test46,3,Network.ospfRouter_5_5,58.97685828,0.07685828
fail10_test46,3,Network.ospfRouter_5_5,59.07686964,0.07686964
fail10_test46,3,Network.ospfRouter_5_5,59.17685828,0.07685828
fail10_test46,3,Network.ospfRouter_5_5,59.27685828,0.07685828
fail10_test46,3,Network.ospfRouter_5_5,59.37685828,0.07685828
fail10_test46,3,Network.ospfRouter_5_5,59.47685828,0.07685828
fail10_test46,3,Network.ospfRouter_5_5,59.57685828,0.07685828
fail10_test46,3,Network.ospfRouter_5_5,59.67685828,0.07685828
fail10_test46,3,Network.ospfRouter_5_5,59.77685828,0.07685828
fail10_test46,3,Network.ospfRouter_5_5,59.87685828,0.07685828
fail10_test46,3,Network.ospfRouter_5_5,59.97685828,0.07685828
fail10_test46,3,Network.ospfRouter_5_5,60.07687284,0.07687284
fail10_test46,3,Network.ospfRouter_5_5,60.17685828,0.07685828
fail10_test46,3,Network.ospfRouter_5_5,60.27685828,0.07685828
fail10_test46,3,Network.ospfRouter_5_5,60.37685828,0.07685828
fail10_test46,3,Network.ospfRouter_5_5,60.5037318,0.1037318
fail10_test46,3,Network.ospfRouter_5_5,60.57685828,0.07685828
fail10_test46,3,Network.ospfRouter_5_5,60.67685828,0.07685828
fail10_test46,3,Network.ospfRouter_5_5,60.77685828,0.07685828
fail10_test46,3,Network.ospfRouter_5_5,60.87685828,0.07685828
fail10_test46,3,Network.ospfRouter_5_5,60.97685828,0.07685828
fail10_test46,3,Network.ospfRouter_5_5,61.07687444,0.07687444
fail10_test46,3,Network.ospfRouter_5_5,61.17685828,0.07685828
fail10_test46,3,Network.ospfRouter_5_5,61.27685828,0.07685828
fail10_test46,3,Network.ospfRouter_5_5,61.37685828,0.07685828
fail10_test46,3,Network.ospfRouter_5_5,61.47685828,0.07685828
fail10_test46,3,Network.ospfRouter_5_5,61.57685828,0.07685828
fail10_test46,3,Network.ospfRouter_5_5,61.67685828,0.07685828
fail10_test46,3,Network.ospfRouter_5_5,61.77685828,0.07685828
fail10_test46,3,Network.ospfRouter_5_5,61.87685828,0.07685828
fail10_test46,3,Network.ospfRouter_5_5,61.97685828,0.07685828
fail10_test46,3,Network.ospfRouter_5_5,62.07687284,0.07687284
fail10_test46,3,Network.ospfRouter_5_5,62.2037318,0.1037318
fail10_test46,3,Network.ospfRouter_5_5,62.27685828,0.07685828
fail10_test46,3,Network.ospfRouter_5_5,62.40334036,0.10334036
fail10_test46,3,Network.ospfRouter_5_5,62.4874538,0.0874538
fail10_test46,3,Network.ospfRouter_5_5,62.5874538,0.0874538
fail10_test46,3,Network.ospfRouter_5_5,62.6874538,0.0874538
fail10_test46,3,Network.ospfRouter_5_5,62.78480128,0.08480128
fail10_test46,3,Network.ospfRouter_5_5,62.88480128,0.08480128
fail10_test46,3,Network.ospfRouter_5_5,62.98480128,0.08480128
fail10_test46,3,Network.ospfRouter_5_5,63.08481264,0.08481264
fail10_test46,3,Network.ospfRouter_5_5,63.18480128,0.08480128
fail10_test46,3,Network.ospfRouter_5_5,63.28480128,0.08480128
fail10_test46,3,Network.ospfRouter_5_5,63.38480128,0.08480128
fail10_test46,3,Network.ospfRouter_5_5,63.48480128,0.08480128
fail10_test46,3,Network.ospfRouter_5_5,63.6257148,0.1257148
fail10_test46,3,Network.ospfRouter_5_5,63.6874538,0.0874538
fail10_test46,3,Network.ospfRouter_5_5,63.78480128,0.08480128
fail10_test46,3,Network.ospfRouter_5_5,63.88480128,0.08480128
fail10_test46,3,Network.ospfRouter_5_5,63.98480128,0.08480128
fail10_test46,3,Network.ospfRouter_5_5,64.08481424,0.08481424
fail10_test46,3,Network.ospfRouter_5_5,64.18480128,0.08480128
fail10_test46,3,Network.ospfRouter_5_5,64.28480128,0.08480128
fail10_test46,3,Network.ospfRouter_5_5,64.38480128,0.08480128
fail10_test46,3,Network.ospfRouter_5_5,64.48480128,0.08480128
fail10_test46,3,Network.ospfRouter_5_5,64.58480128,0.08480128
fail10_test46,3,Network.ospfRouter_5_5,64.68480128,0.08480128
fail10_test46,3,Network.ospfRouter_5_5,64.78480128,0.08480128
fail10_test46,3,Network.ospfRouter_5_5,64.88480128,0.08480128
fail10_test46,3,Network.ospfRouter_5_5,64.98480128,0.08480128
fail10_test46,3,Network.ospfRouter_5_5,65.08481104,0.08481104
fail10_test46,3,Network.ospfRouter_5_5,65.18480128,0.08480128
fail10_test46,3,Network.ospfRouter_5_5,65.28480128,0.08480128
fail10_test46,3,Network.ospfRouter_5_5,65.38480128,0.08480128
fail10_test46,3,Network.ospfRouter_5_5,65.48480128,0.08480128
fail10_test46,3,Network.ospfRouter_5_5,65.58480128,0.08480128
fail10_test46,3,Network.ospfRouter_5_5,65.68480128,0.08480128
fail10_test46,3,Network.ospfRouter_5_5,65.78480128,0.08480128
fail10_test46,3,Network.ospfRouter_5_5,65.88480128,0.08480128
fail10_test46,3,Network.ospfRouter_5_5,65.98480128,0.08480128
fail10_test46,3,Network.ospfRouter_5_5,66.08480128,0.08480128
fail10_test46,3,Network.ospfRouter_5_5,66.18480128,0.08480128
fail10_test46,3,Network.ospfRouter_5_5,66.3116748,0.1116748
fail10_test46,3,Network.ospfRouter_5_5,66.38480128,0.08480128
fail10_test46,3,Network.ospfRouter_5_5,66.48480128,0.08480128
fail10_test46,3,Network.ospfRouter_5_5,66.58480128,0.08480128
fail10_test46,3,Network.ospfRouter_5_5,66.68480128,0.08480128
fail10_test46,3,Network.ospfRouter_5_5,66.78480128,0.08480128
fail10_test46,3,Network.ospfRouter_5_5,66.88480128,0.08480128
fail10_test46,3,Network.ospfRouter_5_5,66.98480128,0.08480128
fail10_test46,3,Network.ospfRouter_5_5,67.08482064,0.08482064
fail10_test46,3,Network.ospfRouter_5_5,67.18480128,0.08480128
fail10_test46,3,Network.ospfRouter_5_5,67.28480128,0.08480128
fail10_test46,3,Network.ospfRouter_5_5,67.38480128,0.08480128
fail10_test46,3,Network.ospfRouter_5_5,67.48480128,0.08480128
fail10_test46,3,Network.ospfRouter_5_5,67.58480128,0.08480128
fail10_test46,3,Network.ospfRouter_5_5,67.68480128,0.08480128
fail10_test46,3,Network.ospfRouter_5_5,67.78480128,0.08480128
fail10_test46,3,Network.ospfRouter_5_5,67.88480128,0.08480128
fail10_test46,3,Network.ospfRouter_5_5,67.98480128,0.08480128
fail10_test46,3,Network.ospfRouter_5_5,68.08482224,0.08482224
fail10_test46,3,Network.ospfRouter_5_5,68.18480128,0.08480128
fail10_test46,3,Network.ospfRouter_5_5,68.28480128,0.08480128
fail10_test46,3,Network.ospfRouter_5_5,68.38480128,0.08480128
fail10_test46,3,Network.ospfRouter_5_5,68.48480128,0.08480128
fail10_test46,3,Network.ospfRouter_5_5,68.58480128,0.08480128
fail10_test46,3,Network.ospfRouter_5_5,68.68480128,0.08480128
fail10_test46,3,Network.ospfRouter_5_5,68.78480128,0.08480128
fail10_test46,3,Network.ospfRouter_5_5,68.88480128,0.08480128
fail10_test46,3,Network.ospfRouter_5_5,68.98480128,0.08480128
fail10_test46,3,Network.ospfRouter_5_5,69.10599256,0.10599256
fail10_test46,3,Network.ospfRouter_5_5,69.18480128,0.08480128
fail10_test46,3,Network.ospfRouter_5_5,69.28480128,0.08480128
fail10_test46,3,Network.ospfRouter_5_5,69.38480128,0.08480128
fail10_test46,3,Network.ospfRouter_5_5,69.48480128,0.08480128
fail10_test46,3,Network.ospfRouter_5_5,69.58480128,0.08480128
fail10_test46,3,Network.ospfRouter_5_5,69.68480128,0.08480128
fail10_test46,3,Network.ospfRouter_5_5,69.78480128,0.08480128
fail10_test46,3,Network.ospfRouter_5_5,69.88480128,0.08480128
fail10_test46,3,Network.ospfRouter_5_5,69.98480128,0.08480128
fail10_test46,3,Network.ospfRouter_5_5,70.08482224,0.08482224
fail10_test46,3,Network.ospfRouter_5_5,70.18480128,0.08480128
fail10_test46,3,Network.ospfRouter_5_5,70.28480128,0.08480128
fail10_test46,3,Network.ospfRouter_5_5,70.38480128,0.08480128
fail10_test46,3,Network.ospfRouter_5_5,70.48480128,0.08480128
fail10_test46,3,Network.ospfRouter_5_5,70.6116748,0.1116748
fail10_test46,3,Network.ospfRouter_5_5,70.7116748,0.1116748
fail10_test46,3,Network.ospfRouter_5_5,70.78480128,0.08480128
fail10_test46,3,Network.ospfRouter_5_5,70.88480128,0.08480128
fail10_test46,3,Network.ospfRouter_5_5,70.98480128,0.08480128
fail10_test46,3,Network.ospfRouter_5_5,71.08480128,0.08480128
fail10_test46,3,Network.ospfRouter_5_5,71.18480128,0.08480128
fail10_test46,3,Network.ospfRouter_5_5,71.43255856,0.13255856
fail10_test46,3,Network.ospfRouter_5_5,71.50778256,0.10778256
fail10_test46,3,Network.ospfRouter_5_5,71.60248704,0.10248704
fail10_test46,3,Network.ospfRouter_5_5,71.70248704,0.10248704
fail10_test46,3,Network.ospfRouter_5_5,71.80248704,0.10248704
fail10_test46,3,Network.ospfRouter_5_5,71.90248704,0.10248704
fail10_test46,3,Network.ospfRouter_5_5,72.00248704,0.10248704
fail10_test46,3,Network.ospfRouter_5_5,72.1025,0.1025
fail10_test46,3,Network.ospfRouter_5_5,72.20248704,0.10248704
fail10_test46,3,Network.ospfRouter_5_5,72.30248704,0.10248704
fail10_test46,3,Network.ospfRouter_5_5,72.40248704,0.10248704
fail10_test46,3,Network.ospfRouter_5_5,72.50248704,0.10248704
fail10_test46,3,Network.ospfRouter_5_5,72.60248704,0.10248704
fail10_test46,3,Network.ospfRouter_5_5,72.70248704,0.10248704
fail10_test46,3,Network.ospfRouter_5_5,72.80248704,0.10248704
fail10_test46,3,Network.ospfRouter_5_5,72.90248704,0.10248704
fail10_test46,3,Network.ospfRouter_5_5,73.00248704,0.10248704
fail10_test46,3,Network.ospfRouter_5_5,73.1024968,0.1024968
fail10_test46,3,Network.ospfRouter_5_5,73.20248704,0.10248704
fail10_test46,3,Network.ospfRouter_5_5,73.30248704,0.10248704
fail10_test46,3,Network.ospfRouter_5_5,73.4025064,0.1025064
fail10_test46,3,Network.ospfRouter_5_5,73.50248704,0.10248704
fail10_test46,3,Network.ospfRouter_5_5,73.60248704,0.10248704
fail10_test46,3,Network.ospfRouter_5_5,73.7993986,0.1993986
fail10_test46,3,Network.ospfRouter_5_5,73.79983956,0.09983956
fail10_test46,3,Network.ospfRouter_5_5,73.89454404,0.09454404
fail10_test46,3,Network.ospfRouter_5_5,73.99454404,0.09454404
fail10_test46,3,Network.ospfRouter_5_5,74.0945586,0.0945586
fail10_test46,3,Network.ospfRouter_5_5,74.19454404,0.09454404
fail10_test46,3,Network.ospfRouter_5_5,74.29454404,0.09454404
fail10_test46,3,Network.ospfRouter_5_5,74.39454404,0.09454404
fail10_test46,3,Network.ospfRouter_5_5,74.81308032,0.11308032
fail10_test46,3,Network.ospfRouter_5_5,74.96117396,0.16117396
fail10_test46,3,Network.ospfRouter_5_5,75.0077848,0.1077848
fail10_test46,3,Network.ospfRouter_5_5,75.10779936,0.10779936
fail10_test46,3,Network.ospfRouter_5_5,75.2077848,0.1077848
fail10_test46,3,Network.ospfRouter_5_5,75.3077848,0.1077848
fail10_test46,3,Network.ospfRouter_5_5,75.4077848,0.1077848
fail10_test46,3,Network.ospfRouter_5_5,75.5077848,0.1077848
fail10_test46,3,Network.ospfRouter_5_5,75.6077848,0.1077848
fail10_test46,3,Network.ospfRouter_5_5,75.7077848,0.1077848
fail10_test46,3,Network.ospfRouter_5_5,75.8077848,0.1077848
fail10_test46,3,Network.ospfRouter_5_5,75.9077848,0.1077848
fail10_test46,3,Network.ospfRouter_5_5,76.03465832,0.13465832
fail10_test46,3,Network.ospfRouter_5_5,76.13995384,0.13995384
fail10_test46,3,Network.ospfRouter_5_5,76.2077848,0.1077848
fail10_test46,3,Network.ospfRouter_5_5,76.3077848,0.1077848
fail10_test46,3,Network.ospfRouter_5_5,76.4077848,0.1077848
fail10_test46,3,Network.ospfRouter_5_5,76.5077848,0.1077848
fail10_test46,3,Network.ospfRouter_5_5,76.6077848,0.1077848
fail10_test46,3,Network.ospfRouter_5_5,76.74174856,0.14174856
fail10_test46,3,Network.ospfRouter_5_5,76.83730356,0.13730356
fail10_test46,3,Network.ospfRouter_5_5,76.91043004,0.11043004
fail10_test46,3,Network.ospfRouter_5_5,77.01043004,0.11043004
fail10_test46,3,Network.ospfRouter_5_5,77.13162292,0.13162292
fail10_test46,3,Network.ospfRouter_5_5,77.21043004,0.11043004
fail10_test46,3,Network.ospfRouter_5_5,77.31043004,0.11043004
fail10_test46,3,Network.ospfRouter_5_5,77.41043004,0.11043004
fail10_test46,3,Network.ospfRouter_5_5,77.51043004,0.11043004
fail10_test46,3,Network.ospfRouter_5_5,77.65134356,0.15134356
fail10_test46,3,Network.ospfRouter_5_5,77.71043004,0.11043004
fail10_test46,3,Network.ospfRouter_5_5,77.81043004,0.11043004
fail10_test46,3,Network.ospfRouter_5_5,77.91043004,0.11043004
fail10_test46,3,Network.ospfRouter_5_5,78.01043004,0.11043004
fail10_test46,3,Network.ospfRouter_5_5,78.1104414,0.1104414
fail10_test46,3,Network.ospfRouter_5_5,78.21043004,0.11043004
fail10_test46,3,Network.ospfRouter_5_5,78.31043004,0.11043004
fail10_test46,3,Network.ospfRouter_5_5,78.4104494,0.1104494
fail10_test46,3,Network.ospfRouter_5_5,78.51043004,0.11043004
fail10_test46,3,Network.ospfRouter_5_5,78.61043004,0.11043004
fail10_test46,3,Network.ospfRouter_5_5,78.71043004,0.11043004
fail10_test46,3,Network.ospfRouter_5_5,78.81043004,0.11043004
fail10_test46,3,Network.ospfRouter_5_5,78.91043004,0.11043004
fail10_test46,3,Network.ospfRouter_5_5,79.01043004,0.11043004
fail10_test46,3,Network.ospfRouter_5_5,79.110443,0.110443
fail10_test46,3,Network.ospfRouter_5_5,79.21043004,0.11043004
fail10_test46,3,Network.ospfRouter_5_5,79.3194938,0.1194938
fail10_test46,3,Network.ospfRouter_5_5,79.39262028,0.09262028
fail10_test46,3,Network.ospfRouter_5_5,79.49262028,0.09262028
fail10_test46,3,Network.ospfRouter_5_5,79.5855278,0.0855278
fail10_test46,3,Network.ospfRouter_5_5,79.68023228,0.08023228
fail10_test46,3,Network.ospfRouter_5_5,79.78023228,0.08023228
fail10_test46,3,Network.ospfRouter_5_5,79.88023228,0.08023228
fail10_test46,3,Network.ospfRouter_5_5,79.98023228,0.08023228
fail10_test46,3,Network.ospfRouter_5_5,80.08023228,0.08023228
fail10_test46,3,Network.ospfRouter_5_5,80.18023228,0.08023228
fail10_test46,3,Network.ospfRouter_5_5,80.28023228,0.08023228
fail10_test46,3,Network.ospfRouter_5_5,80.38023228,0.08023228
fail10_test46,3,Network.ospfRouter_5_5,80.49262028,0.09262028
fail10_test46,3,Network.ospfRouter_5_5,80.59262028,0.09262028
fail10_test46,3,Network.ospfRouter_5_5,80.69262028,0.09262028
fail10_test46,3,Network.ospfRouter_5_5,80.79262028,0.09262028
fail10_test46,3,Network.ospfRouter_5_5,80.89262028,0.09262028
fail10_test46,3,Network.ospfRouter_5_5,80.99262028,0.09262028
fail10_test46,3,Network.ospfRouter_5_5,81.09262028,0.09262028
fail10_test46,3,Network.ospfRouter_5_5,81.19262028,0.09262028
fail10_test46,3,Network.ospfRouter_5_5,81.29262028,0.09262028
fail10_test46,3,Network.ospfRouter_5_5,81.39262028,0.09262028
fail10_test46,3,Network.ospfRouter_5_5,81.5226918,0.1226918
fail10_test46,3,Network.ospfRouter_5_5,81.59262028,0.09262028
fail10_test46,3,Network.ospfRouter_5_5,81.69262028,0.09262028
fail10_test46,3,Network.ospfRouter_5_5,81.79262028,0.09262028
fail10_test46,3,Network.ospfRouter_5_5,81.89262028,0.09262028
fail10_test46,3,Network.ospfRouter_5_5,81.99262028,0.09262028
fail10_test46,3,Network.ospfRouter_5_5,82.09262028,0.09262028
fail10_test46,3,Network.ospfRouter_5_5,82.228110796886,0.128110796886
fail10_test46,3,Network.ospfRouter_5_5,82.27673504,0.07673504
fail10_test46,3,Network.ospfRouter_5_5,82.37673504,0.07673504
fail10_test46,3,Network.ospfRouter_5_5,82.48203056,0.08203056
fail10_test46,3,Network.ospfRouter_5_5,82.57673504,0.07673504
fail10_test46,3,Network.ospfRouter_5_5,82.67673504,0.07673504
fail10_test46,3,Network.ospfRouter_5_5,82.77673504,0.07673504
fail10_test46,3,Network.ospfRouter_5_5,82.88023228,0.08023228
fail10_test46,3,Network.ospfRouter_5_5,82.98023228,0.08023228
fail10_test46,3,Network.ospfRouter_5_5,83.08023228,0.08023228
fail10_test46,3,Network.ospfRouter_5_5,83.18023228,0.08023228
fail10_test46,3,Network.ospfRouter_5_5,83.27685828,0.07685828
fail10_test46,3,Network.ospfRouter_5_5,83.37685828,0.07685828
fail10_test46,3,Network.ospfRouter_5_5,83.47685828,0.07685828
fail10_test46,3,Network.ospfRouter_5_5,83.57685828,0.07685828
fail10_test46,3,Network.ospfRouter_5_5,83.67685828,0.07685828
fail10_test46,3,Network.ospfRouter_5_5,83.8177718,0.1177718
fail10_test46,3,Network.ospfRouter_5_5,83.87685828,0.07685828
fail10_test46,3,Network.ospfRouter_5_5,83.97685828,0.07685828
fail10_test46,3,Network.ospfRouter_5_5,84.07687764,0.07687764
fail10_test46,3,Network.ospfRouter_5_5,84.17685828,0.07685828
fail10_test46,3,Network.ospfRouter_5_5,84.27685828,0.07685828
fail10_test46,3,Network.ospfRouter_5_5,84.37685828,0.07685828
fail10_test46,3,Network.ospfRouter_5_5,84.47685828,0.07685828
fail10_test46,3,Network.ospfRouter_5_5,84.57685828,0.07685828
fail10_test46,3,Network.ospfRouter_5_5,84.67685828,0.07685828
fail10_test46,3,Network.ospfRouter_5_5,84.77685828,0.07685828
fail10_test46,3,Network.ospfRouter_5_5,84.87685828,0.07685828
fail10_test46,3,Network.ospfRouter_5_5,84.98732608,0.08732608
fail10_test46,3,Network.ospfRouter_5_5,85.0767544,0.0767544
fail10_test46,3,Network.ospfRouter_5_5,85.17673504,0.07673504
fail10_test46,3,Network.ospfRouter_5_5,85.27673504,0.07673504
fail10_test46,3,Network.ospfRouter_5_5,85.37673504,0.07673504
fail10_test46,3,Network.ospfRouter_5_5,85.47673504,0.07673504
fail10_test46,3,Network.ospfRouter_5_5,85.57673504,0.07673504
fail10_test46,3,Network.ospfRouter_5_5,85.67673504,0.07673504
fail10_test46,3,Network.ospfRouter_5_5,85.77673504,0.07673504
fail10_test46,3,Network.ospfRouter_5_5,85.87673504,0.07673504
fail10_test46,3,Network.ospfRouter_5_5,85.97673504,0.07673504
fail10_test46,3,Network.ospfRouter_5_5,86.0767592,0.0767592
fail10_test46,3,Network.ospfRouter_5_5,86.17673504,0.07673504
fail10_test46,3,Network.ospfRouter_5_5,86.27673504,0.07673504
fail10_test46,3,Network.ospfRouter_5_5,86.37673504,0.07673504
fail10_test46,3,Network.ospfRouter_5_5,86.47673504,0.07673504
fail10_test46,3,Network.ospfRouter_5_5,86.57673504,0.07673504
fail10_test46,3,Network.ospfRouter_5_5,86.67673504,0.07673504
fail10_test46,3,Network.ospfRouter_5_5,86.77673504,0.07673504
fail10_test46,3,Network.ospfRouter_5_5,86.90360856,0.10360856
fail10_test46,3,Network.ospfRouter_5_5,86.97673504,0.07673504
fail10_test46,3,Network.ospfRouter_5_5,87.0767464,0.0767464
fail10_test46,3,Network.ospfRouter_5_5,87.17673504,0.07673504
fail10_test46,3,Network.ospfRouter_5_5,87.27673504,0.07673504
fail10_test46,3,Network.ospfRouter_5_5,87.37673504,0.07673504
fail10_test46,3,Network.ospfRouter_5_5,87.47673504,0.07673504
fail10_test46,3,Network.ospfRouter_5_5,87.57673504,0.07673504
fail10_test46,3,Network.ospfRouter_5_5,87.67673504,0.07673504
fail10_test46,3,Network.ospfRouter_5_5,87.77673504,0.07673504
fail10_test46,3,Network.ospfRouter_5_5,87.8859228,0.0859228
fail10_test46,3,Network.ospfRouter_5_5,87.95904928,0.05904928
fail10_test46,3,Network.ospfRouter_5_5,88.05905744,0.05905744
fail10_test46,3,Network.ospfRouter_5_5,88.15904928,0.05904928
fail10_test46,3,Network.ospfRouter_5_5,88.25904928,0.05904928
fail10_test46,3,Network.ospfRouter_5_5,88.35904928,0.05904928
fail10_test46,3,Network.ospfRouter_5_5,88.45904928,0.05904928
fail10_test46,3,Network.ospfRouter_5_5,88.55904928,0.05904928
fail10_test46,3,Network.ospfRouter_5_5,88.65904928,0.05904928
fail10_test46,3,Network.ospfRouter_5_5,88.75904928,0.05904928
fail10_test46,3,Network.ospfRouter_5_5,88.85904928,0.05904928
fail10_test46,3,Network.ospfRouter_5_5,88.95904928,0.05904928
fail10_test46,3,Network.ospfRouter_5_5,89.05906064,0.05906064
fail10_test46,3,Network.ospfRouter_5_5,89.15904928,0.05904928
fail10_test46,3,Network.ospfRouter_5_5,89.25904928,0.05904928
fail10_test46,3,Network.ospfRouter_5_5,89.35904928,0.05904928
fail10_test46,3,Network.ospfRouter_5_5,89.45904928,0.05904928
fail10_test46,3,Network.ospfRouter_5_5,89.55904928,0.05904928
fail10_test46,3,Network.ospfRouter_5_5,89.6643448,0.0643448
fail10_test46,3,Network.ospfRouter_5_5,89.75904928,0.05904928
fail10_test46,3,Network.ospfRouter_5_5,89.85904928,0.05904928
fail10_test46,3,Network.ospfRouter_5_5,89.95904928,0.05904928
fail10_test46,3,Network.ospfRouter_5_5,90.05904928,0.05904928
fail10_test46,3,Network.ospfRouter_5_5,90.15904928,0.05904928
fail10_test46,3,Network.ospfRouter_5_5,90.25904928,0.05904928
fail10_test46,3,Network.ospfRouter_5_5,90.35904928,0.05904928
fail10_test46,3,Network.ospfRouter_5_5,90.45904928,0.05904928
fail10_test46,3,Network.ospfRouter_5_5,90.55904928,0.05904928
fail10_test46,3,Network.ospfRouter_5_5,90.65904928,0.05904928
fail10_test46,3,Network.ospfRouter_5_5,90.75904928,0.05904928
fail10_test46,3,Network.ospfRouter_5_5,90.85904928,0.05904928
fail10_test46,3,Network.ospfRouter_5_5,90.95904928,0.05904928
fail10_test46,3,Network.ospfRouter_5_5,91.05905744,0.05905744
fail10_test46,3,Network.ospfRouter_5_5,91.15904928,0.05904928
fail10_test46,3,Network.ospfRouter_5_5,91.25904928,0.05904928
fail10_test46,3,Network.ospfRouter_5_5,91.35904928,0.05904928
fail10_test46,3,Network.ospfRouter_5_5,91.45904928,0.05904928
fail10_test46,3,Network.ospfRouter_5_5,91.55904928,0.05904928
fail10_test46,3,Network.ospfRouter_5_5,91.65904928,0.05904928
fail10_test46,3,Network.ospfRouter_5_5,91.7859228,0.0859228
fail10_test46,3,Network.ospfRouter_5_5,91.85904928,0.05904928
fail10_test46,3,Network.ospfRouter_5_5,91.95904928,0.05904928
fail10_test46,3,Network.ospfRouter_5_5,92.05906224,0.05906224
fail10_test46,3,Network.ospfRouter_5_5,92.15904928,0.05904928
fail10_test46,3,Network.ospfRouter_5_5,92.2859228,0.0859228
fail10_test46,3,Network.ospfRouter_5_5,92.35904928,0.05904928
fail10_test46,3,Network.ospfRouter_5_5,92.45904928,0.05904928
fail10_test46,3,Network.ospfRouter_5_5,92.55904928,0.05904928
fail10_test46,3,Network.ospfRouter_5_5,92.65904928,0.05904928
fail10_test46,3,Network.ospfRouter_5_5,92.77143728,0.07143728
fail10_test46,3,Network.ospfRouter_5_5,92.87143728,0.07143728
fail10_test46,3,Network.ospfRouter_5_5,92.9983108,0.0983108
fail10_test46,3,Network.ospfRouter_5_5,93.07145824,0.07145824
fail10_test46,3,Network.ospfRouter_5_5,93.17143728,0.07143728
fail10_test46,3,Network.ospfRouter_5_5,93.27143728,0.07143728
fail10_test46,3,Network.ospfRouter_5_5,93.37143728,0.07143728
fail10_test46,3,Network.ospfRouter_5_5,93.47143728,0.07143728
fail10_test46,3,Network.ospfRouter_5_5,93.57143728,0.07143728
fail10_test46,3,Network.ospfRouter_5_5,93.67143728,0.07143728
fail10_test46,3,Network.ospfRouter_5_5,93.77143728,0.07143728
fail10_test46,3,Network.ospfRouter_5_5,93.87143728,0.07143728
fail10_test46,3,Network.ospfRouter_5_5,93.97143728,0.07143728
fail10_test46,3,Network.ospfRouter_5_5,94.07145504,0.07145504
fail10_test46,3,Network.ospfRouter_5_5,94.17143728,0.07143728
fail10_test46,3,Network.ospfRouter_5_5,94.27143728,0.07143728
fail10_test46,3,Network.ospfRouter_5_5,94.37143728,0.07143728
fail10_test46,3,Network.ospfRouter_5_5,94.5115538,0.1115538
fail10_test46,3,Network.ospfRouter_5_5,94.58203056,0.08203056
fail10_test46,3,Network.ospfRouter_5_5,94.67673504,0.07673504
fail10_test46,3,Network.ospfRouter_5_5,94.77673504,0.07673504
fail10_test46,3,Network.ospfRouter_5_5,94.87673504,0.07673504
fail10_test46,3,Network.ospfRouter_5_5,94.97673504,0.07673504
fail10_test46,3,Network.ospfRouter_5_5,95.08733584,0.08733584
fail10_test46,3,Network.ospfRouter_5_5,95.17673504,0.07673504
fail10_test46,3,Network.ospfRouter_5_5,95.27673504,0.07673504
fail10_test46,3,Network.ospfRouter_5_5,95.37673504,0.07673504
fail10_test46,3,Network.ospfRouter_5_5,95.47673504,0.07673504
fail10_test46,3,Network.ospfRouter_5_5,95.57673504,0.07673504
fail10_test46,3,Network.ospfRouter_5_5,95.67673504,0.07673504
fail10_test46,3,Network.ospfRouter_5_5,95.77673504,0.07673504
fail10_test46,3,Network.ospfRouter_5_5,95.87673504,0.07673504
fail10_test46,3,Network.ospfRouter_5_5,95.97673504,0.07673504
fail10_test46,3,Network.ospfRouter_5_5,96.076756,0.076756
fail10_test46,3,Network.ospfRouter_5_5,96.17673504,0.07673504
fail10_test46,3,Network.ospfRouter_5_5,96.27673504,0.07673504
fail10_test46,3,Network.ospfRouter_5_5,96.37673504,0.07673504
fail10_test46,3,Network.ospfRouter_5_5,96.47673504,0.07673504
fail10_test46,3,Network.ospfRouter_5_5,96.57673504,0.07673504
fail10_test46,3,Network.ospfRouter_5_5,96.67673504,0.07673504
fail10_test46,3,Network.ospfRouter_5_5,96.77673504,0.07673504
fail10_test46,3,Network.ospfRouter_5_5,96.87673504,0.07673504
fail10_test46,3,Network.ospfRouter_5_5,97.00360856,0.10360856
fail10_test46,3,Network.ospfRouter_5_5,97.0767656,0.0767656
fail10_test46,3,Network.ospfRouter_5_5,97.17673504,0.07673504
fail10_test46,3,Network.ospfRouter_5_5,97.27673504,0.07673504
fail10_test46,3,Network.ospfRouter_5_5,97.37673504,0.07673504
fail10_test46,3,Network.ospfRouter_5_5,97.47673504,0.07673504
fail10_test46,3,Network.ospfRouter_5_5,97.61155156,0.11155156
fail10_test46,3,Network.ospfRouter_5_5,97.68467804,0.08467804
fail10_test46,3,Network.ospfRouter_5_5,97.78467804,0.08467804
fail10_test46,3,Network.ospfRouter_5_5,97.88467804,0.08467804
fail10_test46,3,Network.ospfRouter_5_5,97.98467804,0.08467804
fail10_test46,3,Network.ospfRouter_5_5,98.0846926,0.0846926
fail10_test46,3,Network.ospfRouter_5_5,98.18467804,0.08467804
fail10_test46,3,Network.ospfRouter_5_5,98.28467804,0.08467804
fail10_test46,3,Network.ospfRouter_5_5,98.38467804,0.08467804
fail10_test46,3,Network.ospfRouter_5_5,98.48467804,0.08467804
fail10_test46,3,Network.ospfRouter_5_5,98.58467804,0.08467804
fail10_test46,3,Network.ospfRouter_5_5,98.68467804,0.08467804
fail10_test46,3,Network.ospfRouter_5_5,98.78467804,0.08467804
fail10_test46,3,Network.ospfRouter_5_5,98.88467804,0.08467804
fail10_test46,3,Network.ospfRouter_5_5,98.98467804,0.08467804
fail10_test46,3,Network.ospfRouter_5_5,99.0846974,0.0846974
fail10_test46,3,Network.ospfRouter_5_5,99.18467804,0.08467804
fail10_test46,3,Network.ospfRouter_5_5,99.28467804,0.08467804
fail10_test46,3,Network.ospfRouter_5_5,99.38467804,0.08467804
fail10_test46,3,Network.ospfRouter_5_5,99.48467804,0.08467804
fail10_test46,3,Network.ospfRouter_5_5,99.58467804,0.08467804
fail10_test46,3,Network.ospfRouter_5_5,99.68467804,0.08467804
fail10_test46,3,Network.ospfRouter_5_5,99.78467804,0.08467804
fail10_test46,3,Network.ospfRouter_5_5,99.88467804,0.08467804
fail10_test46,3,Network.ospfRouter_5_5,99.98467804,0.08467804
fail10_test46,3,Network.ospfRouter_5_5,100.06435936,0.06435936
fail10_test46,3,Network.ospfRouter_5_5,100.15904928,0.05904928
fail10_test46,3,Network.ospfRouter_5_5,100.25904928,0.05904928
fail10_test46,3,Network.ospfRouter_5_5,100.35904928,0.05904928
fail10_test46,3,Network.ospfRouter_5_5,100.45904928,0.05904928
fail10_test46,3,Network.ospfRouter_5_5,100.55904928,0.05904928
fail10_test46,3,Network.ospfRouter_5_5,100.65904928,0.05904928
fail10_test46,3,Network.ospfRouter_5_5,100.75904928,0.05904928
fail10_test46,3,Network.ospfRouter_5_5,100.85904928,0.05904928
fail10_test46,3,Network.ospfRouter_5_5,101.03539008,0.13539008
fail10_test46,3,Network.ospfRouter_5_5,101.08467804,0.08467804
fail10_test46,3,Network.ospfRouter_5_5,101.18467804,0.08467804
fail10_test46,3,Network.ospfRouter_5_5,101.28467804,0.08467804
fail10_test46,3,Network.ospfRouter_5_5,101.40585956,0.10585956
fail10_test46,3,Network.ospfRouter_5_5,101.48467804,0.08467804
fail10_test46,3,Network.ospfRouter_5_5,101.58467804,0.08467804
fail10_test46,3,Network.ospfRouter_5_5,101.68467804,0.08467804
fail10_test46,3,Network.ospfRouter_5_5,101.78467804,0.08467804
fail10_test46,3,Network.ospfRouter_5_5,101.88467804,0.08467804
fail10_test46,3,Network.ospfRouter_5_5,101.98467804,0.08467804
fail10_test46,3,Network.ospfRouter_5_5,102.0846878,0.0846878
fail10_test46,3,Network.ospfRouter_5_5,102.29134984,0.19134984
fail10_test46,3,Network.ospfRouter_5_5,102.34604432,0.14604432
fail10_test46,3,Network.ospfRouter_5_5,102.44604432,0.14604432
fail10_test46,3,Network.ospfRouter_5_5,102.5191708,0.1191708
fail10_test46,3,Network.ospfRouter_5_5,102.6191708,0.1191708
fail10_test46,3,Network.ospfRouter_5_5,102.7191708,0.1191708
fail10_test46,3,Network.ospfRouter_5_5,102.8191708,0.1191708
fail10_test46,3,Network.ospfRouter_5_5,102.9191708,0.1191708
fail10_test46,3,Network.ospfRouter_5_5,102.9859228,0.0859228
fail10_test46,3,Network.ospfRouter_5_5,103.08594696,0.08594696
fail10_test46,3,Network.ospfRouter_5_5,103.15904928,0.05904928
fail10_test46,3,Network.ospfRouter_5_5,103.25904928,0.05904928
fail10_test46,3,Network.ospfRouter_5_5,103.35904928,0.05904928
fail10_test46,3,Network.ospfRouter_5_5,103.45904928,0.05904928
fail10_test46,3,Network.ospfRouter_5_5,103.55904928,0.05904928
fail10_test46,3,Network.ospfRouter_5_5,103.65904928,0.05904928
fail10_test46,3,Network.ospfRouter_5_5,103.75904928,0.05904928
fail10_test46,3,Network.ospfRouter_5_5,103.85904928,0.05904928
fail10_test46,3,Network.ospfRouter_5_5,103.95904928,0.05904928
fail10_test46,3,Network.ospfRouter_5_5,104.05904928,0.05904928
fail10_test46,3,Network.ospfRouter_5_5,104.15904928,0.05904928
fail10_test46,3,Network.ospfRouter_5_5,104.25904928,0.05904928
fail10_test46,3,Network.ospfRouter_5_5,104.35904928,0.05904928
fail10_test46,3,Network.ospfRouter_5_5,104.45904928,0.05904928
fail10_test46,3,Network.ospfRouter_5_5,104.55904928,0.05904928
fail10_test46,3,Network.ospfRouter_5_5,104.65904928,0.05904928
fail10_test46,3,Network.ospfRouter_5_5,104.75904928,0.05904928
fail10_test46,3,Network.ospfRouter_5_5,104.85904928,0.05904928
fail10_test46,3,Network.ospfRouter_5_5,104.95904928,0.05904928
fail10_test46,3,Network.ospfRouter_5_5,105.05906064,0.05906064
fail10_test46,3,Network.ospfRouter_5_5,105.15904928,0.05904928
fail10_test46,3,Network.ospfRouter_5_5,105.25904928,0.05904928
fail10_test46,3,Network.ospfRouter_5_5,105.35904928,0.05904928
fail10_test46,3,Network.ospfRouter_5_5,105.45904928,0.05904928
fail10_test46,3,Network.ospfRouter_5_5,105.55904928,0.05904928
fail10_test46,3,Network.ospfRouter_5_5,105.65904928,0.05904928
fail10_test46,3,Network.ospfRouter_5_5,105.75904928,0.05904928
fail10_test46,3,Network.ospfRouter_5_5,105.85904928,0.05904928
fail10_test46,3,Network.ospfRouter_5_5,105.95904928,0.05904928
fail10_test46,3,Network.ospfRouter_5_5,106.05904928,0.05904928
fail10_test46,3,Network.ospfRouter_5_5,106.15904928,0.05904928
fail10_test46,3,Network.ospfRouter_5_5,106.25904928,0.05904928
fail10_test46,3,Network.ospfRouter_5_5,106.35904928,0.05904928
fail10_test46,3,Network.ospfRouter_5_5,106.45904928,0.05904928
fail10_test46,3,Network.ospfRouter_5_5,106.55904928,0.05904928
fail10_test46,3,Network.ospfRouter_5_5,106.65904928,0.05904928
fail10_test46,3,Network.ospfRouter_5_5,106.75904928,0.05904928
fail10_test46,3,Network.ospfRouter_5_5,106.85904928,0.05904928
fail10_test46,3,Network.ospfRouter_5_5,106.95904928,0.05904928
fail10_test46,3,Network.ospfRouter_5_5,107.05904928,0.05904928
fail10_test46,3,Network.ospfRouter_5_5,107.15904928,0.05904928
fail10_test46,3,Network.ospfRouter_5_5,107.25904928,0.05904928
fail10_test46,3,Network.ospfRouter_5_5,107.35904928,0.05904928
fail10_test46,3,Network.ospfRouter_5_5,107.45904928,0.05904928
fail10_test46,3,Network.ospfRouter_5_5,107.55904928,0.05904928
fail10_test46,3,Network.ospfRouter_5_5,107.65904928,0.05904928
fail10_test46,3,Network.ospfRouter_5_5,107.75904928,0.05904928
fail10_test46,3,Network.ospfRouter_5_5,107.85904928,0.05904928
fail10_test46,3,Network.ospfRouter_5_5,107.9859228,0.0859228
fail10_test46,3,Network.ospfRouter_5_5,108.05907184,0.05907184
fail10_test46,3,Network.ospfRouter_5_5,108.15904928,0.05904928
fail10_test46,3,Network.ospfRouter_5_5,108.27143728,0.07143728
fail10_test46,3,Network.ospfRouter_5_5,108.37143728,0.07143728
fail10_test46,3,Network.ospfRouter_5_5,108.50360632,0.10360632
fail10_test46,3,Network.ospfRouter_5_5,108.57143728,0.07143728
fail10_test46,3,Network.ospfRouter_5_5,108.67143728,0.07143728
fail10_test46,3,Network.ospfRouter_5_5,108.77143728,0.07143728
fail10_test46,3,Network.ospfRouter_5_5,108.87143728,0.07143728
fail10_test46,3,Network.ospfRouter_5_5,108.97143728,0.07143728
fail10_test46,3,Network.ospfRouter_5_5,109.07143728,0.07143728
fail10_test46,3,Network.ospfRouter_5_5,109.20445908,0.10445908
fail10_test46,3,Network.ospfRouter_5_5,109.27229004,0.07229004
fail10_test46,3,Network.ospfRouter_5_5,109.37229004,0.07229004
fail10_test46,3,Network.ospfRouter_5_5,109.47229004,0.07229004
fail10_test46,3,Network.ospfRouter_5_5,109.57229004,0.07229004
fail10_test46,3,Network.ospfRouter_5_5,109.67229004,0.07229004
fail10_test46,3,Network.ospfRouter_5_5,109.77229004,0.07229004
fail10_test46,3,Network.ospfRouter_5_5,109.87229004,0.07229004
fail10_test46,3,Network.ospfRouter_5_5,109.97229004,0.07229004
fail10_test46,3,Network.ospfRouter_5_5,110.0723078,0.0723078
fail10_test46,3,Network.ospfRouter_5_5,110.17229004,0.07229004
fail10_test46,3,Network.ospfRouter_5_5,110.27229004,0.07229004
fail10_test46,3,Network.ospfRouter_5_5,110.37229004,0.07229004
fail10_test46,3,Network.ospfRouter_5_5,110.47229004,0.07229004
fail10_test46,3,Network.ospfRouter_5_5,110.57229004,0.07229004
fail10_test46,3,Network.ospfRouter_5_5,110.67229004,0.07229004
fail10_test46,3,Network.ospfRouter_5_5,110.77229004,0.07229004
fail10_test46,3,Network.ospfRouter_5_5,110.87229004,0.07229004
fail10_test46,3,Network.ospfRouter_5_5,110.97229004,0.07229004
fail10_test46,3,Network.ospfRouter_5_5,111.0723094,0.0723094
fail10_test46,3,Network.ospfRouter_5_5,111.17229004,0.07229004
fail10_test46,3,Network.ospfRouter_5_5,111.27229004,0.07229004
fail10_test46,3,Network.ospfRouter_5_5,111.37229004,0.07229004
fail10_test46,3,Network.ospfRouter_5_5,111.46434704,0.06434704
fail10_test46,3,Network.ospfRouter_5_5,111.56434704,0.06434704
fail10_test46,3,Network.ospfRouter_5_5,111.66434704,0.06434704
fail10_test46,3,Network.ospfRouter_5_5,111.76434704,0.06434704
fail10_test46,3,Network.ospfRouter_5_5,111.86434704,0.06434704
fail10_test46,3,Network.ospfRouter_5_5,111.96434704,0.06434704
fail10_test46,3,Network.ospfRouter_5_5,112.0643616,0.0643616
fail10_test46,3,Network.ospfRouter_5_5,112.16434704,0.06434704
fail10_test46,3,Network.ospfRouter_5_5,112.26434704,0.06434704
fail10_test46,3,Network.ospfRouter_5_5,112.36434704,0.06434704
fail10_test46,3,Network.ospfRouter_5_5,112.49916356,0.09916356
fail10_test46,3,Network.ospfRouter_5_5,112.57229004,0.07229004
fail10_test46,3,Network.ospfRouter_5_5,112.67229004,0.07229004
fail10_test46,3,Network.ospfRouter_5_5,112.77229004,0.07229004
fail10_test46,3,Network.ospfRouter_5_5,112.87229004,0.07229004
fail10_test46,3,Network.ospfRouter_5_5,112.97229004,0.07229004
fail10_test46,3,Network.ospfRouter_5_5,113.0723062,0.0723062
fail10_test46,3,Network.ospfRouter_5_5,113.19916356,0.09916356
fail10_test46,3,Network.ospfRouter_5_5,113.27229004,0.07229004
fail10_test46,3,Network.ospfRouter_5_5,113.37229004,0.07229004
fail10_test46,3,Network.ospfRouter_5_5,113.47229004,0.07229004
fail10_test46,3,Network.ospfRouter_5_5,113.57229004,0.07229004
fail10_test46,3,Network.ospfRouter_5_5,113.67229004,0.07229004
fail10_test46,3,Network.ospfRouter_5_5,113.79122056,0.09122056
fail10_test46,3,Network.ospfRouter_5_5,113.86434704,0.06434704
fail10_test46,3,Network.ospfRouter_5_5,113.96434704,0.06434704
fail10_test46,3,Network.ospfRouter_5_5,114.0643584,0.0643584
fail10_test46,3,Network.ospfRouter_5_5,114.16434704,0.06434704
fail10_test46,3,Network.ospfRouter_5_5,114.26434704,0.06434704
fail10_test46,3,Network.ospfRouter_5_5,114.36434704,0.06434704
fail10_test46,3,Network.ospfRouter_5_5,114.46434704,0.06434704
fail10_test46,3,Network.ospfRouter_5_5,114.56434704,0.06434704
fail10_test46,3,Network.ospfRouter_5_5,114.66434704,0.06434704
fail10_test46,3,Network.ospfRouter_5_5,114.76434704,0.06434704
fail10_test46,3,Network.ospfRouter_5_5,114.86964256,0.06964256
fail10_test46,3,Network.ospfRouter_5_5,114.96434704,0.06434704
fail10_test46,3,Network.ospfRouter_5_5,115.0643584,0.0643584
fail10_test46,3,Network.ospfRouter_5_5,115.16434704,0.06434704
fail10_test46,3,Network.ospfRouter_5_5,115.26434704,0.06434704
fail10_test46,3,Network.ospfRouter_5_5,115.36434704,0.06434704
fail10_test46,3,Network.ospfRouter_5_5,115.46434704,0.06434704
fail10_test46,3,Network.ospfRouter_5_5,115.56434704,0.06434704
fail10_test46,3,Network.ospfRouter_5_5,115.66434704,0.06434704
fail10_test46,3,Network.ospfRouter_5_5,115.76434704,0.06434704
fail10_test46,3,Network.ospfRouter_5_5,115.86434704,0.06434704
fail10_test46,3,Network.ospfRouter_5_5,115.96434704,0.06434704
fail10_test46,3,Network.ospfRouter_5_5,116.0643584,0.0643584
fail10_test46,3,Network.ospfRouter_5_5,116.16434704,0.06434704
fail10_test46,3,Network.ospfRouter_5_5,116.26434704,0.06434704
fail10_test46,3,Network.ospfRouter_5_5,116.36434704,0.06434704
fail10_test46,3,Network.ospfRouter_5_5,116.46434704,0.06434704
fail10_test46,3,Network.ospfRouter_5_5,116.56434704,0.06434704
fail10_test46,3,Network.ospfRouter_5_5,116.66434704,0.06434704
fail10_test46,3,Network.ospfRouter_5_5,116.76434704,0.06434704
fail10_test46,3,Network.ospfRouter_5_5,116.86434704,0.06434704
fail10_test46,3,Network.ospfRouter_5_5,116.96434704,0.06434704
fail10_test46,3,Network.ospfRouter_5_5,117.0643632,0.0643632
fail10_test46,3,Network.ospfRouter_5_5,117.16434704,0.06434704
fail10_test46,3,Network.ospfRouter_5_5,117.26434704,0.06434704
fail10_test46,3,Network.ospfRouter_5_5,117.36434704,0.06434704
fail10_test46,3,Network.ospfRouter_5_5,117.46434704,0.06434704
fail10_test46,3,Network.ospfRouter_5_5,117.56434704,0.06434704
fail10_test46,3,Network.ospfRouter_5_5,117.66434704,0.06434704
fail10_test46,3,Network.ospfRouter_5_5,117.76434704,0.06434704
fail10_test46,3,Network.ospfRouter_5_5,117.86434704,0.06434704
fail10_test46,3,Network.ospfRouter_5_5,117.96434704,0.06434704
fail10_test46,3,Network.ospfRouter_5_5,118.09123672,0.09123672
fail10_test46,3,Network.ospfRouter_5_5,118.16434704,0.06434704
fail10_test46,3,Network.ospfRouter_5_5,118.26434704,0.06434704
fail10_test46,3,Network.ospfRouter_5_5,118.36434704,0.06434704
fail10_test46,3,Network.ospfRouter_5_5,118.46434704,0.06434704
fail10_test46,3,Network.ospfRouter_5_5,118.56434704,0.06434704
fail10_test46,3,Network.ospfRouter_5_5,118.66434704,0.06434704
fail10_test46,3,Network.ospfRouter_5_5,118.76434704,0.06434704
fail10_test46,3,Network.ospfRouter_5_5,118.86434704,0.06434704
fail10_test46,3,Network.ospfRouter_5_5,118.96434704,0.06434704
fail10_test46,3,Network.ospfRouter_5_5,119.0643696,0.0643696
fail10_test46,3,Network.ospfRouter_5_5,119.16434704,0.06434704
fail10_test46,3,Network.ospfRouter_5_5,119.27493808,0.07493808
fail10_test46,3,Network.ospfRouter_5_5,119.36434704,0.06434704
fail10_test46,3,Network.ospfRouter_5_5,119.46964256,0.06964256
fail10_test46,3,Network.ospfRouter_5_5,119.56434704,0.06434704
fail10_test46,3,Network.ospfRouter_5_5,119.66434704,0.06434704
fail10_test46,3,Network.ospfRouter_5_5,119.76434704,0.06434704
fail10_test46,3,Network.ospfRouter_5_5,119.86434704,0.06434704
fail10_test46,3,Network.ospfRouter_5_5,119.96434704,0.06434704
fail10_test46,3,Network.ospfRouter_1_1,120,0
fail10_test46,3,Network.ospfRouter_1_2,120,0
fail10_test46,3,Network.ospfRouter_1_3,120,0
fail10_test46,3,Network.ospfRouter_1_4,120,0
fail10_test46,3,Network.ospfRouter_1_5,120,0
fail10_test46,3,Network.ospfRouter_1_6,120,0
fail10_test46,3,Network.ospfRouter_2_1,120,0
fail10_test46,3,Network.ospfRouter_2_2,120,0
fail10_test46,3,Network.ospfRouter_2_3,120,0
fail10_test46,3,Network.ospfRouter_2_4,120,0
fail10_test46,3,Network.ospfRouter_2_5,120,0
fail10_test46,3,Network.ospfRouter_2_6,120,0
fail10_test46,3,Network.ospfRouter_3_1,120,0
fail10_test46,3,Network.ospfRouter_3_2,120,0
fail10_test46,3,Network.ospfRouter_3_3,120,0
fail10_test46,3,Network.ospfRouter_3_4,120,0
fail10_test46,3,Network.ospfRouter_3_5,120,0
fail10_test46,3,Network.ospfRouter_3_6,120,0
fail10_test46,3,Network.ospfRouter_4_1,120,0
fail10_test46,3,Network.ospfRouter_4_2,120,0
fail10_test46,3,Network.ospfRouter_4_3,120,0
fail10_test46,3,Network.ospfRouter_4_4,120,0
fail10_test46,3,Network.ospfRouter_4_5,120,0
fail10_test46,3,Network.ospfRouter_4_6,120,0
fail10_test46,3,Network.ospfRouter_5_1,120,0
fail10_test46,3,Network.ospfRouter_5_2,120,0
fail10_test46,3,Network.ospfRouter_5_3,120,0
fail10_test46,3,Network.ospfRouter_5_4,120,0
fail10_test46,3,Network.ospfRouter_5_5,120,0
fail10_test46,3,Network.ospfRouter_5_6,120,0
fail10_test46,3,Network.ospfRouter_6_1,120,0
fail10_test46,3,Network.ospfRouter_6_2,120,0
fail10_test46,3,Network.ospfRouter_6_3,120,0
fail10_test46,3,Network.ospfRouter_6_4,120,0
fail10_test46,3,Network.ospfRouter_6_5,120,0
fail10_test46,3,Network.ospfRouter_6_6,120,0
fail10_test46,3,Network.ospfRouter_7_1,120,0
fail10_test46,3,Network.ospfRouter_7_2,120,0
fail10_test46,3,Network.ospfRouter_7_3,120,0
fail10_test46,3,Network.ospfRouter_7_4,120,0
fail10_test46,3,Network.ospfRouter_7_5,120,0
fail10_test46,3,Network.ospfRouter_7_6,120,0
fail10_test46,3,Network.ospfRouter_8_1,120,0
fail10_test46,3,Network.ospfRouter_8_2,120,0
fail10_test46,3,Network.ospfRouter_8_3,120,0
fail10_test46,3,Network.ospfRouter_8_4,120,0
fail10_test46,3,Network.ospfRouter_8_5,120,0
fail10_test46,3,Network.ospfRouter_8_6,120,0
fail10_test46,3,Network.ospfRouter_9_1,120,0
fail10_test46,3,Network.ospfRouter_9_2,120,0
fail10_test46,3,Network.ospfRouter_9_4,120,0
fail10_test46,3,Network.ospfRouter_9_5,120,0
fail10_test46,3,Network.ospfRouter_9_6,120,0
fail10_test46,3,Network.ospfRouter_10_1,120,0
fail10_test46,3,Network.ospfRouter_10_2,120,0
fail10_test46,3,Network.ospfRouter_10_3,120,0
fail10_test46,3,Network.ospfRouter_10_4,120,0
fail10_test46,3,Network.ospfRouter_10_5,120,0
fail10_test46,3,Network.ospfRouter_10_6,120,0
fail10_test46,3,Network.ospfRouter_11_1,120,0
fail10_test46,3,Network.ospfRouter_11_2,120,0
fail10_test46,3,Network.ospfRouter_11_3,120,0
fail10_test46,3,Network.ospfRouter_11_4,120,0
fail10_test46,3,Network.ospfRouter_11_5,120,0
fail10_test46,3,Network.ospfRouter_11_6,120,0
fail10_test46,3,Network.ospfRouter_9_3,120,0
